11 1 8.33333 0
14 1 8.33333 0
18 1 8.33333 0
11 0.0625 25 0
11 0.0625 25 0.0625
13 0.0625 25 0.125
13 0.0625 25 0.1875
14 0.0625 25 0.25
14 0.0625 25 0.3125
14 0.0625 25 0.375
14 0.0625 25 0.4375
14 0.0625 25 0.5
14 0.0625 25 0.5625
14 0.0625 25 0.625
14 0.0625 25 0.6875
14 0.0625 25 0.75
13 0.0625 25 0.8125
13 0.0625 25 0.875
11 0.0625 25 0.9375
7 1 8.33333 1
11 1 8.33333 1
14 1 8.33333 1
7 0.0625 25 1
7 0.0625 25 1.0625
9 0.0625 25 1.125
9 0.0625 25 1.1875
11 0.0625 25 1.25
11 0.0625 25 1.3125
11 0.0625 25 1.375
11 0.0625 25 1.4375
11 0.0625 25 1.5
11 0.0625 25 1.5625
11 0.0625 25 1.625
11 0.0625 25 1.6875
11 0.0625 25 1.75
9 0.0625 25 1.8125
9 0.0625 25 1.875
7 0.0625 25 1.9375
14 1 8.33333 2
18 1 8.33333 2
21 1 8.33333 2
14 0.0625 25 2
14 0.0625 25 2.0625
16 0.0625 25 2.125
16 0.0625 25 2.1875
18 0.0625 25 2.25
18 0.0625 25 2.3125
18 0.0625 25 2.375
18 0.0625 25 2.4375
18 0.0625 25 2.5
18 0.0625 25 2.5625
18 0.0625 25 2.625
18 0.0625 25 2.6875
18 0.0625 25 2.75
16 0.0625 25 2.8125
16 0.0625 25 2.875
14 0.0625 25 2.9375
21 1 8.33333 3
25 1 8.33333 3
28 1 8.33333 3
21 0.0625 25 3
21 0.0625 25 3.0625
23 0.0625 25 3.125
23 0.0625 25 3.1875
25 0.0625 25 3.25
25 0.0625 25 3.3125
25 0.0625 25 3.375
25 0.0625 25 3.4375
25 0.0625 25 3.5
25 0.0625 25 3.5625
25 0.0625 25 3.625
25 0.0625 25 3.6875
25 0.0625 25 3.75
23 0.0625 25 3.8125
23 0.0625 25 3.875
21 0.0625 25 3.9375
11 1 8.33333 4
14 1 8.33333 4
18 1 8.33333 4
11 0.0625 25 4
11 0.0625 25 4.0625
13 0.0625 25 4.125
13 0.0625 25 4.1875
14 0.0625 25 4.25
14 0.0625 25 4.3125
14 0.0625 25 4.375
14 0.0625 25 4.4375
14 0.0625 25 4.5
14 0.0625 25 4.5625
14 0.0625 25 4.625
14 0.0625 25 4.6875
14 0.0625 25 4.75
13 0.0625 25 4.8125
13 0.0625 25 4.875
11 0.0625 25 4.9375
7 1 8.33333 5
11 1 8.33333 5
14 1 8.33333 5
7 0.0625 25 5
7 0.0625 25 5.0625
9 0.0625 25 5.125
9 0.0625 25 5.1875
11 0.0625 25 5.25
11 0.0625 25 5.3125
11 0.0625 25 5.375
11 0.0625 25 5.4375
11 0.0625 25 5.5
11 0.0625 25 5.5625
11 0.0625 25 5.625
11 0.0625 25 5.6875
11 0.0625 25 5.75
9 0.0625 25 5.8125
9 0.0625 25 5.875
7 0.0625 25 5.9375
14 1 8.33333 6
18 1 8.33333 6
21 1 8.33333 6
14 0.0625 25 6
14 0.0625 25 6.0625
16 0.0625 25 6.125
16 0.0625 25 6.1875
18 0.0625 25 6.25
18 0.0625 25 6.3125
18 0.0625 25 6.375
18 0.0625 25 6.4375
18 0.0625 25 6.5
18 0.0625 25 6.5625
18 0.0625 25 6.625
18 0.0625 25 6.6875
18 0.0625 25 6.75
16 0.0625 25 6.8125
16 0.0625 25 6.875
14 0.0625 25 6.9375
21 1 8.33333 7
25 1 8.33333 7
28 1 8.33333 7
21 0.0625 25 7
21 0.0625 25 7.0625
23 0.0625 25 7.125
23 0.0625 25 7.1875
25 0.0625 25 7.25
25 0.0625 25 7.3125
25 0.0625 25 7.375
25 0.0625 25 7.4375
25 0.0625 25 7.5
25 0.0625 25 7.5625
25 0.0625 25 7.625
25 0.0625 25 7.6875
25 0.0625 25 7.75
23 0.0625 25 7.8125
23 0.0625 25 7.875
21 0.0625 25 7.9375
